t000000 2022 11 25
t000001 2022 11 25
t000002 2022 11 24
t000003 2022 11 23
t000004 2022 11 23
t000005 2022 11 23
t000006 2022 11 23
t000007 2022 11 22
t000008 2022 11 22
t000009 2022 11 22
t000010 2022 11 22
t000011 2022 11 22
t000012 2022 11 22
t000013 2022 11 21
t000014 2022 11 21
t000015 2022 11 21
t000016 2022 11 21
t000017 2022 11 21
t000018 2022 11 20
t000019 2022 11 20
t000020 2022 11 19
t000021 2022 11 19
t000022 2022 11 17
t000023 2022 11 16
t000024 2022 11 16
t000025 2022 11 15
t000026 2022 11 15
t000027 2022 11 15
t000028 2022 11 15
t000029 2022 11 15
t000030 2022 11 15
t000031 2022 11 15
t000032 2022 11 15
t000033 2022 11 15
t000034 2022 11 15
t000035 2022 11 15
t000036 2022 11 15
t000037 2022 11 15
t000038 2022 11 15
t000039 2022 11 15
t000040 2022 11 15
t000041 2022 11 15
t000042 2022 11 15
t000043 2022 11 15
t000044 2022 11 15
t000045 2022 11 14
t000046 2022 11 14
t000047 2022 11 14
t000048 2022 11 14
t000049 2022 11 14
t000050 2022 11 13
t000051 2022 11 13
t000052 2022 11 13
t000053 2022 11 13
t000054 2022 11 13
t000055 2022 11 13
t000056 2022 11 13
t000057 2022 11 13
t000058 2022 11 13
t000059 2022 11 12
t000060 2022 11 12
t000061 2022 11 12
t000062 2022 11 12
t000063 2022 11 12
t000064 2022 11 12
t000065 2022 11 12
t000066 2022 11 12
t000067 2022 11 12
t000068 2022 11 11
t000069 2022 11 10
t000070 2022 11 10
t000071 2022 11 10
t000072 2022 11 10
t000073 2022 11 10
t000074 2022 11 10
t000075 2022 11 10
t000076 2022 11 10
t000077 2022 11 10
t000078 2022 11 10
t000079 2022 11 09
t000080 2022 11 08
t000081 2022 11 07
t000082 2022 11 06
t000083 2022 11 06
t000084 2022 11 05
t000085 2022 11 05
t000086 2022 11 05
t000087 2022 11 05
t000088 2022 11 05
t000089 2022 11 05
t000090 2022 11 05
t000091 2022 11 03
t000092 2022 11 02
t000093 2022 11 02
t000094 2022 11 02
t000095 2022 11 02
t000096 2022 11 01
t000097 2022 11 01
t000098 2022 10 23
t000099 2022 10 01
t000100 2022 09 13
t000101 2022 09 08
t000102 2022 08 23
t000103 2022 07 29
t000104 2022 07 25
t000105 2022 06 18
t000106 2022 06 09
t000107 2022 05 15
t000108 2022 05 04
t000109 2022 05 02
t000110 2022 05 02
t000111 2022 05 02
t000112 2022 05 01
t000113 2022 05 01
t000114 2022 05 01
t000115 2022 05 01
t000116 2022 05 01
t000117 2022 05 01
t000118 2022 05 01
t000119 2022 05 01
t000120 2022 05 01
t000121 2022 04 30
t000122 2022 04 06
t000123 2021 09 29
t000124 2021 09 26
t000125 2021 09 15
t000126 2021 09 10
t000127 2021 09 09
t000128 2021 09 09
t000129 2021 09 09
t000130 2021 09 09
t000131 2021 09 09
t000132 2021 09 09
t000133 2021 09 08
t000134 2021 09 08
t000135 2021 09 08
t000136 2021 09 08
t000137 2021 09 08
t000138 2021 09 08
t000139 2021 09 08
t000140 2021 09 08
t000141 2021 09 08
t000142 2021 09 08
t000143 2021 09 08
t000144 2021 09 08
t000145 2021 09 08
t000146 2021 09 08
t000147 2021 09 08
t000148 2021 09 08
t000149 2021 09 08
t000150 2021 09 08
t000151 2021 09 08
t000152 2021 09 07
t000153 2021 09 07
t000154 2021 09 07
t000155 2021 09 07
t000156 2021 09 07
t000157 2021 09 07
t000158 2021 09 07
t000159 2021 09 07
t000160 2021 09 07
t000161 2021 09 07
t000162 2021 09 07
t000163 2021 09 07
t000164 2021 09 07
t000165 2021 09 07
t000166 2021 09 07
t000167 2021 09 07
t000168 2021 09 07
t000169 2021 09 07
t000170 2021 09 07
t000171 2021 09 07
t000172 2021 09 07
t000173 2021 09 07
t000174 2021 09 07
t000175 2021 09 07
t000176 2021 09 07
t000177 2021 09 07
t000178 2021 09 07
t000179 2021 09 07
t000180 2021 09 07
t000181 2021 09 07
t000182 2021 09 07
t000183 2021 09 07
t000184 2021 09 07
t000185 2021 09 07
t000186 2021 09 07
t000187 2021 09 07
t000188 2021 09 07
t000189 2021 09 07
t000190 2021 09 07
t000191 2021 09 07
t000192 2021 09 07
t000193 2021 09 07
t000194 2021 09 07
t000195 2021 09 07
t000196 2021 09 07
t000197 2021 09 07
t000198 2021 09 07
t000199 2021 09 07
t000200 2021 09 07
t000201 2021 09 07
t000202 2021 09 07
t000203 2021 09 07
t000204 2021 09 07
t000205 2021 09 07
t000206 2021 09 07
t000207 2021 09 07
t000208 2021 09 07
t000209 2021 09 07
t000210 2021 09 07
t000211 2021 09 07
t000212 2021 09 07
t000213 2021 09 07
t000214 2021 09 07
t000215 2021 09 07
t000216 2021 09 07
t000217 2021 09 07
t000218 2021 09 07
t000219 2021 09 07
t000220 2021 09 07
t000221 2021 09 07
t000222 2021 09 07
t000223 2021 09 07
t000224 2021 09 07
t000225 2021 09 07
t000226 2021 09 07
t000227 2021 09 07
t000228 2021 09 07
t000229 2021 09 07
t000230 2021 09 07
t000231 2021 09 07
t000232 2021 09 07
t000233 2021 09 07
t000234 2021 09 07
t000235 2021 09 07
t000236 2021 09 07
t000237 2021 09 07
t000238 2021 09 07
t000239 2021 09 07
t000240 2021 09 07
t000241 2021 09 07
t000242 2021 09 07
t000243 2021 09 07
t000244 2021 09 07
t000245 2021 09 07
t000246 2021 09 07
t000247 2021 09 07
t000248 2021 09 07
t000249 2021 09 07
t000250 2021 09 07
t000251 2021 09 07
t000252 2021 09 07
t000253 2021 09 07
t000254 2021 09 07
t000255 2021 09 07
t000256 2021 09 07
t000257 2021 09 07
t000258 2021 09 07
t000259 2021 09 07
t000260 2021 09 07
t000261 2021 09 07
t000262 2021 09 07
t000263 2021 09 07
t000264 2021 09 07
t000265 2021 09 06
t000266 2021 09 06
t000267 2021 09 06
t000268 2021 09 06
t000269 2021 09 06
t000270 2021 09 06
t000271 2021 09 06
t000272 2021 09 06
t000273 2021 09 06
t000274 2021 09 06
t000275 2021 09 05
t000276 2021 09 05
t000277 2021 09 04
t000278 2021 09 04
t000279 2021 09 04
t000280 2021 09 04
t000281 2021 09 04
t000282 2021 09 04
t000283 2021 09 04
t000284 2021 09 04
t000285 2021 09 04
t000286 2021 09 04
t000287 2021 09 03
t000288 2021 09 03
t000289 2021 09 02
t000290 2021 09 01
t000291 2021 08 30
t000292 2021 08 30
t000293 2021 08 29
t000294 2021 08 29
t000295 2021 08 28
t000296 2021 08 27
t000297 2021 08 26
t000298 2021 08 24
t000299 2021 08 24
t000300 2021 08 23
t000301 2021 08 23
t000302 2021 08 22
t000303 2021 08 22
t000304 2021 08 21
t000305 2021 08 21
t000306 2021 08 21
t000307 2021 08 20
t000308 2021 08 20
t000309 2021 08 20
t000310 2021 08 19
t000311 2021 08 16
t000312 2021 08 15
t000313 2021 08 14
t000314 2021 08 14
t000315 2021 08 13
t000316 2021 08 12
t000317 2021 08 05
t000318 2021 04 29
t000319 2021 04 26
t000320 2021 04 25
t000321 2021 04 25
t000322 2021 04 17
t000323 2021 03 23
t000324 2021 03 16
t000325 2021 03 16
t000326 2021 03 15
t000327 2021 03 14
t000328 2021 03 14
t000329 2021 02 23
t000330 2021 02 19
t000331 2021 02 17
t000332 2020 09 09
t000333 2020 07 01
t000334 2020 06 28
t000335 2020 06 27
t000336 2020 06 25
t000337 2020 06 24
t000338 2020 06 23
t000339 2020 06 23
t000340 2020 06 23
t000341 2020 06 22
t000342 2020 06 21
t000343 2020 06 21
t000344 2020 06 19
t000345 2020 06 19
t000346 2020 06 18
t000347 2020 06 16
t000348 2020 06 14
t000349 2020 06 02
t000350 2020 05 31
t000351 2020 05 31
t000352 2020 05 31
t000353 2020 05 30
t000354 2020 05 29
t000355 2020 05 29
t000356 2020 05 28
t000357 2020 05 28
t000358 2020 05 28
t000359 2020 05 28
t000360 2020 05 28
t000361 2020 05 28
t000362 2020 05 28
t000363 2020 05 28
t000364 2020 05 28
t000365 2020 05 28
t000366 2020 05 28
t000367 2020 05 28
t000368 2020 05 28
t000369 2020 05 27
t000370 2020 05 27
t000371 2022 11 16
t000372 2022 11 15
t000373 2022 11 15
t000374 2022 11 11
t000375 2022 11 04
t000376 2022 11 03
t000377 2022 10 23
t000378 2022 08 26
t000379 2022 08 25
t000380 2022 08 25
t000381 2022 08 24
t000382 2022 07 23
t000383 2022 03 31
t000384 2022 03 30
t000385 2022 03 30
t000386 2022 03 30
t000387 2022 03 29
t000388 2022 03 19
t000389 2022 03 18
t000390 2022 03 18
t000391 2022 03 18
t000392 2022 03 18
t000393 2022 01 18
t000394 2021 09 08
t000395 2021 09 07
t000396 2021 09 07
t000397 2021 09 07
t000398 2021 09 07
t000399 2021 09 07
t000400 2021 09 07
t000401 2021 09 07
t000402 2021 09 07
t000403 2021 09 07
t000404 2021 09 07
t000405 2021 09 06
t000406 2021 09 06
t000407 2021 08 15
t000408 2021 08 15
t000409 2021 08 14
t000410 2021 08 13
t000411 2021 08 13
t000412 2021 01 28
t000413 2020 07 26
t000414 2020 07 26
t000415 2020 07 26
t000416 2020 07 25
t000417 2020 07 25
t000418 2020 06 25
t000419 2020 06 19
t000420 2020 06 19
t000421 2020 06 16
t000422 2020 06 15
t000423 2020 06 14
t000424 2020 06 02
t000425 2020 05 30
t000426 2020 05 30
t000427 2020 05 30
t000428 2020 05 30
t000429 2020 05 29
t000430 2020 05 29
t000431 2020 05 28
t000432 2020 05 28
t000433 2020 05 28
t000434 2020 05 28
t000435 2020 05 28
t000436 2020 05 28
t000437 2020 05 28
t000438 2020 05 28
t000439 2020 05 28
t000440 2020 05 28
t000441 2020 05 28
t000442 2020 05 27
t000443 2020 05 27
t000444 2020 05 27
t000445 2020 05 27
t000446 2020 05 18
t000447 2022 11 22
t000448 2022 11 17
t000449 2022 11 16
t000450 2022 11 15
t000451 2022 11 15
t000452 2022 11 14
t000453 2022 11 13
t000454 2022 11 13
t000455 2022 11 13
t000456 2022 11 12
t000457 2022 11 11
t000458 2022 11 11
t000459 2022 11 11
t000460 2022 11 11
t000461 2022 11 11
t000462 2022 11 11
t000463 2022 11 11
t000464 2022 11 11
t000465 2022 11 10
t000466 2022 11 10
t000467 2022 11 10
t000468 2022 11 10
t000469 2022 11 10
t000470 2022 11 10
t000471 2022 11 10
t000472 2022 11 10
t000473 2022 11 09
t000474 2022 11 07
t000475 2022 11 07
t000476 2022 11 07
t000477 2022 11 07
t000478 2022 11 06
t000479 2022 11 06
t000480 2022 11 06
t000481 2022 11 06
t000482 2022 11 06
t000483 2022 11 06
t000484 2022 11 06
t000485 2022 11 06
t000486 2022 11 06
t000487 2022 11 05
t000488 2022 11 05
t000489 2022 11 05
t000490 2022 11 05
t000491 2022 11 04
t000492 2022 11 03
t000493 2022 11 03
t000494 2022 11 02
t000495 2022 11 02
t000496 2022 10 29
t000497 2022 10 27
t000498 2022 06 02
t000499 2022 04 26
t000500 2022 04 21
t000501 2021 09 08
t000502 2021 09 07
t000503 2021 09 07
t000504 2021 09 07
t000505 2021 09 04
t000506 2021 09 03
t000507 2021 08 23
t000508 2021 08 22
t000509 2021 08 22
t000510 2021 08 19
t000511 2021 08 16
t000512 2021 08 16
t000513 2021 08 15
t000514 2021 08 15
t000515 2021 08 14
t000516 2021 08 14
t000517 2021 08 14
t000518 2021 08 13
t000519 2021 08 13
t000520 2021 08 13
t000521 2021 08 13
t000522 2021 08 13
t000523 2021 07 10
t000524 2021 07 10
t000525 2021 07 10
t000526 2021 02 28
t000527 2021 02 19
t000528 2021 02 19
t000529 2021 02 19
t000530 2021 02 19
t000531 2021 02 18
t000532 2021 02 18
t000533 2021 02 17
t000534 2021 02 17
t000535 2021 02 17
t000536 2021 02 17
t000537 2021 02 17
t000538 2021 02 17
t000539 2021 02 17
t000540 2021 02 17
t000541 2021 02 17
t000542 2021 02 17
t000543 2021 02 17
t000544 2021 02 17
t000545 2021 02 17
t000546 2021 02 17
t000547 2021 02 17
t000548 2021 02 17
t000549 2021 02 17
t000550 2021 02 17
t000551 2021 02 15
t000552 2021 02 13
t000553 2021 02 12
t000554 2021 02 10
t000555 2021 02 08
t000556 2021 02 08
t000557 2021 02 06
t000558 2021 02 03
t000559 2021 02 03
t000560 2021 02 03
t000561 2021 01 29
t000562 2021 01 29
t000563 2021 01 29
t000564 2021 01 29
t000565 2021 01 29
t000566 2021 01 29
t000567 2021 01 28
t000568 2021 01 28
t000569 2021 01 27
t000570 2021 01 27
t000571 2021 01 27
t000572 2021 01 27
t000573 2021 01 27
t000574 2021 01 27
t000575 2021 01 27
t000576 2021 01 27
t000577 2021 01 27
t000578 2021 01 27
t000579 2021 01 27
t000580 2021 01 27
t000581 2021 01 26
t000582 2021 01 26
t000583 2021 01 26
t000584 2021 01 26
t000585 2021 01 26
t000586 2021 01 26
t000587 2021 01 26
t000588 2021 01 26
t000589 2021 01 26
t000590 2021 01 26
t000591 2021 01 26
t000592 2021 01 26
t000593 2021 01 26
t000594 2021 01 21
t000595 2021 01 11
t000596 2021 01 08
t000597 2020 12 23
t000598 2020 12 22
t000599 2020 06 20
t000600 2020 05 28
t000601 2020 05 27
t000602 2022 11 26
t000603 2022 11 07
t000604 2022 10 20
t000605 2022 08 27
t000606 2022 08 25
t000607 2022 08 25
t000608 2022 05 05
t000609 2022 03 20
t000610 2022 03 18
t000611 2021 10 28
t000612 2021 09 26
t000613 2021 09 08
t000614 2021 02 27
t000615 2021 02 17
t000616 2020 07 24
t000617 2020 06 17
t000618 2022 03 30
t000619 2022 03 17
t000620 2021 02 17
t000621 2021 02 17
t000622 2020 07 25
t000623 2020 07 08
t000624 2020 07 08
t000625 2020 07 05
t000626 2020 06 16
t000627 2020 05 29
t000628 2020 05 27
t000629 2022 11 06
t000630 2022 10 20
t000631 2022 10 18
t000632 2022 08 29
t000633 2022 07 27
t000634 2022 07 25
t000635 2022 07 24
t000636 2022 07 16
t000637 2022 06 08
t000638 2022 04 28
t000639 2022 04 26
t000640 2022 04 26
t000641 2022 04 22
t000642 2021 11 15
t000643 2021 10 23
t000644 2021 10 21
t000645 2021 10 21
t000646 2021 09 10
t000647 2021 09 07
t000648 2021 08 13
t000649 2021 04 08
t000650 2021 02 19
t000651 2021 02 19
t000652 2021 02 17
t000653 2020 08 13
t000654 2020 08 09
t000655 2020 07 31
t000656 2020 07 25
t000657 2020 06 23
t000658 2020 06 18
t000659 2020 06 17
t000660 2020 06 15
t000661 2020 06 12
t000662 2020 06 02
t000663 2020 05 30
t000664 2020 05 29
t000665 2020 05 28
t000666 2020 05 28
t000667 2020 05 28
t000668 2020 05 28
t000669 2020 05 28
t000670 2020 05 28
t000671 2020 05 27
t000672 2020 05 27
t000673 2020 05 27
t000674 2020 05 27
t000675 2020 05 27
t000676 2020 05 03
t000677 2020 04 19
t000678 2020 04 19
t000679 2020 03 14
t000680 2020 01 30
t000681 2020 01 09
t000682 2020 01 03
t000683 2019 04 18
t000684 2019 04 17
t000685 2019 04 15
t000686 2019 03 24
t000687 2018 06 11
t000688 2022 11 25
t000689 2022 11 24
t000690 2022 11 24
t000691 2022 11 24
t000692 2022 11 24
t000693 2022 11 24
t000694 2022 11 24
t000695 2022 11 24
t000696 2022 11 24
t000697 2022 11 24
t000698 2022 11 24
t000699 2022 11 23
t000700 2022 11 23
t000701 2022 11 22
t000702 2022 11 21
t000703 2022 11 21
t000704 2022 11 21
t000705 2022 11 20
t000706 2022 11 18
t000707 2022 11 18
t000708 2022 11 17
t000709 2022 11 17
t000710 2022 11 17
t000711 2022 11 16
t000712 2022 11 15
t000713 2022 11 14
t000714 2022 11 14
t000715 2022 11 14
t000716 2022 11 13
t000717 2022 11 13
t000718 2022 11 13
t000719 2022 11 12
t000720 2022 11 12
t000721 2022 11 12
t000722 2022 11 11
t000723 2022 11 10
t000724 2022 11 09
t000725 2022 11 09
t000726 2022 11 08
t000727 2022 11 08
t000728 2022 11 08
t000729 2022 11 08
t000730 2022 11 08
t000731 2022 11 08
t000732 2022 11 07
t000733 2022 11 03
t000734 2022 11 03
t000735 2022 11 03
t000736 2022 11 02
t000737 2022 11 02
t000738 2022 11 02
t000739 2022 11 01
t000740 2022 10 28
t000741 2022 10 28
t000742 2022 10 27
t000743 2022 10 25
t000744 2022 10 23
t000745 2022 10 23
t000746 2022 10 23
t000747 2022 10 22
t000748 2022 10 21
t000749 2022 10 20
t000750 2022 10 20
t000751 2022 10 20
t000752 2022 10 20
t000753 2022 10 20
t000754 2022 10 20
t000755 2022 10 20
t000756 2022 10 19
t000757 2022 10 19
t000758 2022 10 19
t000759 2022 10 19
t000760 2022 10 18
t000761 2022 10 18
t000762 2022 10 16
t000763 2022 10 15
t000764 2022 10 13
t000765 2022 10 06
t000766 2022 10 04
t000767 2022 10 01
t000768 2022 09 22
t000769 2022 09 21
t000770 2022 09 07
t000771 2022 09 07
t000772 2022 09 02
t000773 2022 09 02
t000774 2022 09 01
t000775 2022 09 01
t000776 2022 09 01
t000777 2022 08 31
t000778 2022 08 31
t000779 2022 08 25
t000780 2022 08 25
t000781 2022 08 24
t000782 2022 08 22
t000783 2022 08 22
t000784 2022 08 18
t000785 2022 08 18
t000786 2022 08 18
t000787 2022 08 17
t000788 2022 08 03
t000789 2022 08 01
t000790 2022 07 31
t000791 2022 07 26
t000792 2022 07 26
t000793 2022 07 26
t000794 2022 07 24
t000795 2022 07 24
t000796 2022 07 22
t000797 2022 07 21
t000798 2022 07 19
t000799 2022 07 19
t000800 2022 07 16
t000801 2022 07 16
t000802 2022 07 15
t000803 2022 07 14
t000804 2022 07 08
t000805 2022 07 06
t000806 2022 07 05
t000807 2022 06 29
t000808 2022 06 23
t000809 2022 06 21
t000810 2022 06 20
t000811 2022 06 20
t000812 2022 06 20
t000813 2022 06 17
t000814 2022 06 06
t000815 2022 06 03
t000816 2022 06 02
t000817 2022 05 29
t000818 2022 05 28
t000819 2022 05 27
t000820 2022 05 25
t000821 2022 05 18
t000822 2022 05 18
t000823 2022 05 16
t000824 2022 05 14
t000825 2022 05 06
t000826 2022 05 06
t000827 2022 05 06
t000828 2022 05 04
t000829 2022 05 03
t000830 2022 04 28
t000831 2022 04 27
t000832 2022 04 22
t000833 2022 04 22
t000834 2022 04 22
t000835 2022 04 22
t000836 2022 04 22
t000837 2022 04 22
t000838 2022 04 22
t000839 2022 04 21
t000840 2022 04 21
t000841 2022 04 21
t000842 2022 04 21
t000843 2022 04 21
t000844 2022 04 21
t000845 2022 04 21
t000846 2022 04 21
t000847 2022 04 21
t000848 2022 04 21
t000849 2022 04 21
t000850 2022 04 21
t000851 2022 04 21
t000852 2022 04 20
t000853 2022 04 20
t000854 2022 04 20
t000855 2022 04 16
t000856 2022 04 14
t000857 2022 04 14
t000858 2022 04 12
t000859 2022 04 12
t000860 2022 04 12
t000861 2022 04 12
t000862 2022 04 11
t000863 2022 04 07
t000864 2022 04 06
t000865 2022 04 06
t000866 2022 04 03
t000867 2022 04 02
t000868 2022 03 31
t000869 2022 03 31
t000870 2022 03 30
t000871 2022 03 30
t000872 2022 03 30
t000873 2022 03 30
t000874 2022 03 27
t000875 2022 03 26
t000876 2022 03 26
t000877 2022 03 20
t000878 2022 03 19
t000879 2022 03 19
t000880 2022 03 18
t000881 2022 03 18
t000882 2022 03 18
t000883 2022 03 18
t000884 2022 03 16
t000885 2022 03 02
t000886 2022 03 02
t000887 2022 03 01
t000888 2022 02 17
t000889 2022 02 17
t000890 2022 02 15
t000891 2022 02 14
t000892 2022 02 11
t000893 2022 02 10
t000894 2022 02 07
t000895 2022 02 05
t000896 2022 02 02
t000897 2022 01 30
t000898 2021 12 23
t000899 2021 12 18
t000900 2021 12 17
t000901 2021 12 14
t000902 2021 12 07
t000903 2021 11 19
t000904 2021 11 17
t000905 2021 11 13
t000906 2021 11 09
t000907 2021 11 09
t000908 2021 10 29
t000909 2021 10 26
t000910 2021 10 25
t000911 2021 10 22
t000912 2021 10 22
t000913 2021 10 22
t000914 2021 10 21
t000915 2021 10 21
t000916 2021 10 17
t000917 2021 10 16
t000918 2021 10 16
t000919 2021 10 15
t000920 2021 10 15
t000921 2021 10 15
t000922 2021 10 14
t000923 2021 10 14
t000924 2021 10 07
t000925 2021 10 07
t000926 2021 09 07
t000927 2021 09 07
t000928 2021 09 07
t000929 2021 09 06
t000930 2021 09 06
t000931 2021 09 05
t000932 2021 09 05
t000933 2021 09 04
t000934 2021 09 03
t000935 2021 09 01
t000936 2021 08 31
t000937 2021 08 31
t000938 2021 08 31
t000939 2021 08 30
t000940 2021 08 27
t000941 2021 08 26
t000942 2021 08 24
t000943 2021 08 20
t000944 2021 08 20
t000945 2021 08 18
t000946 2021 08 18
t000947 2021 08 18
t000948 2021 08 18
t000949 2021 08 18
t000950 2021 08 17
t000951 2021 08 17
t000952 2021 08 15
t000953 2021 08 14
t000954 2021 08 14
t000955 2021 08 14
t000956 2021 08 14
t000957 2021 08 13
t000958 2021 08 13
t000959 2021 08 13
t000960 2021 08 13
t000961 2021 08 13
t000962 2021 08 13
t000963 2021 08 13
t000964 2021 08 13
t000965 2021 08 13
t000966 2021 08 13
t000967 2021 08 13
t000968 2021 08 13
t000969 2021 08 13
t000970 2021 08 06
t000971 2021 07 30
t000972 2021 07 21
t000973 2021 07 18
t000974 2021 07 13
t000975 2021 07 10
t000976 2021 07 10
t000977 2021 07 09
t000978 2021 07 08
t000979 2021 07 08
t000980 2021 07 08
t000981 2021 06 29
t000982 2021 06 25
t000983 2021 06 25
t000984 2021 06 07
t000985 2021 06 04
t000986 2021 05 31
t000987 2021 05 24
t000988 2021 05 24
t000989 2021 05 09
t000990 2021 05 05
t000991 2021 05 04
t000992 2021 05 04
t000993 2021 05 04
t000994 2021 05 04
t000995 2021 05 03
t000996 2021 05 03
t000997 2021 05 03
t000998 2021 04 24
t000999 2022 11 25
t001000 2022 11 22
t001001 2022 11 22
t001002 2022 11 18
t001003 2022 11 17
t001004 2022 11 17
t001005 2022 11 17
t001006 2022 11 17
t001007 2022 11 17
t001008 2022 11 17
t001009 2022 11 15
t001010 2022 11 15
t001011 2022 11 15
t001012 2022 11 15
t001013 2022 11 14
t001014 2022 11 14
t001015 2022 11 14
t001016 2022 11 14
t001017 2022 11 13
t001018 2022 11 09
t001019 2022 11 09
t001020 2022 11 09
t001021 2022 11 09
t001022 2022 11 09
t001023 2022 11 08
t001024 2022 11 08
t001025 2022 11 08
t001026 2022 11 07
t001027 2022 11 07
t001028 2022 11 07
t001029 2022 11 06
t001030 2022 11 06
t001031 2022 11 06
t001032 2022 11 06
t001033 2022 11 06
t001034 2022 11 06
t001035 2022 11 06
t001036 2022 11 06
t001037 2022 11 06
t001038 2022 11 06
t001039 2022 11 06
t001040 2022 11 06
t001041 2022 11 05
t001042 2022 11 05
t001043 2022 11 05
t001044 2022 11 05
t001045 2022 11 05
t001046 2022 11 05
t001047 2022 11 05
t001048 2022 11 05
t001049 2022 11 05
t001050 2022 11 05
t001051 2022 11 05
t001052 2022 11 05
t001053 2022 11 05
t001054 2022 11 05
t001055 2022 11 04
t001056 2022 11 04
t001057 2022 11 04
t001058 2022 11 04
t001059 2022 11 03
t001060 2022 11 02
t001061 2022 11 02
t001062 2022 11 01
t001063 2022 10 30
t001064 2022 10 30
t001065 2022 10 28
t001066 2022 10 25
t001067 2022 10 25
t001068 2022 10 25
t001069 2022 10 24
t001070 2022 10 23
t001071 2022 10 22
t001072 2022 10 21
t001073 2022 10 20
t001074 2022 10 20
t001075 2022 10 19
t001076 2022 10 19
t001077 2022 10 19
t001078 2022 10 19
t001079 2022 10 19
t001080 2022 10 19
t001081 2022 10 08
t001082 2022 10 01
t001083 2022 09 23
t001084 2022 09 23
t001085 2022 09 23
t001086 2022 09 23
t001087 2022 09 21
t001088 2022 09 09
t001089 2022 09 09
t001090 2022 09 07
t001091 2022 09 06
t001092 2022 09 05
t001093 2022 09 03
t001094 2022 09 03
t001095 2022 09 03
t001096 2022 09 01
t001097 2022 09 01
t001098 2022 08 31
t001099 2022 08 31
t001100 2022 08 28
t001101 2022 08 27
t001102 2022 08 26
t001103 2022 08 26
t001104 2022 08 26
t001105 2022 08 25
t001106 2022 08 25
t001107 2022 08 25
t001108 2022 08 25
t001109 2022 08 25
t001110 2022 08 25
t001111 2022 08 25
t001112 2022 08 24
t001113 2022 08 24
t001114 2022 08 24
t001115 2022 08 24
t001116 2022 08 24
t001117 2022 08 24
t001118 2022 08 24
t001119 2022 08 24
t001120 2022 08 23
t001121 2022 08 23
t001122 2022 08 23
t001123 2022 08 23
t001124 2022 08 23
t001125 2022 08 23
t001126 2022 08 23
t001127 2022 08 11
t001128 2022 08 08
t001129 2022 07 24
t001130 2022 07 24
t001131 2022 07 24
t001132 2022 07 24
t001133 2022 07 23
t001134 2022 07 22
t001135 2022 05 10
t001136 2022 05 05
t001137 2022 05 05
t001138 2022 05 03
t001139 2022 05 02
t001140 2022 05 02
t001141 2022 05 01
t001142 2022 05 01
t001143 2022 04 30
t001144 2022 04 28
t001145 2022 04 28
t001146 2022 04 26
t001147 2022 04 26
t001148 2022 04 25
t001149 2022 04 25
t001150 2022 04 22
t001151 2022 04 21
t001152 2022 04 20
t001153 2022 04 20
t001154 2022 04 19
t001155 2022 04 19
t001156 2022 04 17
t001157 2022 03 30
t001158 2022 03 30
t001159 2022 03 30
t001160 2022 03 30
t001161 2022 03 29
t001162 2022 03 21
t001163 2022 03 21
t001164 2022 03 19
t001165 2022 03 19
t001166 2022 03 19
t001167 2022 03 19
t001168 2022 03 18
t001169 2021 10 09
t001170 2021 09 29
t001171 2021 09 26
t001172 2021 09 25
t001173 2021 09 25
t001174 2021 09 25
t001175 2021 09 25
t001176 2021 09 23
t001177 2021 09 16
t001178 2021 09 15
t001179 2021 09 11
t001180 2021 09 10
t001181 2021 09 10
t001182 2021 09 10
t001183 2021 09 09
t001184 2021 09 09
t001185 2021 09 09
t001186 2021 09 09
t001187 2021 09 09
t001188 2021 09 09
t001189 2021 09 09
t001190 2021 09 09
t001191 2021 09 09
t001192 2021 09 09
t001193 2021 09 09
t001194 2021 09 09
t001195 2021 09 09
t001196 2021 09 09
t001197 2021 09 09
t001198 2021 09 09
t001199 2021 09 09
t001200 2021 09 09
t001201 2021 09 09
t001202 2021 09 09
t001203 2021 09 09
t001204 2021 09 09
t001205 2021 09 09
t001206 2021 09 08
t001207 2021 09 08
t001208 2021 09 08
t001209 2021 09 08
t001210 2021 09 08
t001211 2021 09 08
t001212 2021 09 08
t001213 2021 09 08
t001214 2021 09 08
t001215 2021 09 08
t001216 2021 09 08
t001217 2021 09 08
t001218 2021 09 08
t001219 2021 09 08
t001220 2021 09 08
t001221 2021 09 08
t001222 2021 09 08
t001223 2021 09 08
t001224 2021 09 08
t001225 2021 09 08
t001226 2021 09 07
t001227 2021 09 07
t001228 2021 09 07
t001229 2021 09 07
t001230 2021 09 07
t001231 2021 09 07
t001232 2021 09 07
t001233 2021 09 07
t001234 2021 09 07
t001235 2021 09 07
t001236 2021 09 07
t001237 2021 09 07
t001238 2021 09 07
t001239 2021 09 07
t001240 2021 09 07
t001241 2021 09 07
t001242 2021 09 07
t001243 2021 09 07
t001244 2021 09 07
t001245 2021 09 07
t001246 2021 09 07
t001247 2021 09 07
t001248 2021 09 07
t001249 2021 09 07
t001250 2021 09 07
t001251 2021 09 07
t001252 2021 09 07
t001253 2021 09 07
t001254 2021 09 07
t001255 2021 09 07
t001256 2021 09 06
t001257 2021 09 06
t001258 2021 09 06
t001259 2021 09 06
t001260 2021 09 06
t001261 2021 09 06
t001262 2021 09 06
t001263 2021 09 06
t001264 2021 09 06
t001265 2021 09 06
t001266 2021 09 06
t001267 2021 09 06
t001268 2021 09 06
t001269 2021 09 06
t001270 2021 09 05
t001271 2021 09 05
t001272 2021 09 05
t001273 2021 09 05
t001274 2021 09 04
t001275 2021 09 04
t001276 2021 09 04
t001277 2021 09 04
t001278 2021 09 04
t001279 2021 09 04
t001280 2021 09 03
t001281 2021 09 03
t001282 2021 09 03
t001283 2021 09 03
t001284 2021 09 03
t001285 2021 09 03
t001286 2021 09 03
t001287 2021 09 03
t001288 2021 09 03
t001289 2021 09 03
t001290 2021 09 02
t001291 2021 09 02
t001292 2021 09 02
t001293 2021 09 02
t001294 2021 09 02
t001295 2021 09 02
t001296 2021 09 01
t001297 2021 09 01
t001298 2021 09 01
t001299 2021 09 01
t001300 2021 09 01
t001301 2021 09 01
t001302 2021 09 01
t001303 2021 09 01
t001304 2021 08 31
t001305 2021 08 31
t001306 2021 08 31
t001307 2021 08 31
t001308 2021 08 31
t001309 2021 08 31
t001310 2021 08 31
t001311 2021 08 31
t001312 2021 08 31
t001313 2021 08 31
t001314 2021 08 31
t001315 2021 08 31
t001316 2021 08 31
t001317 2021 08 31
t001318 2021 08 31
t001319 2021 08 31
t001320 2021 08 31
t001321 2021 08 31
t001322 2021 08 31
t001323 2021 08 30
t001324 2021 08 30
t001325 2021 08 30
t001326 2021 08 30
t001327 2021 08 29
t001328 2021 08 29
t001329 2021 08 28
t001330 2021 08 28
t001331 2021 08 28
t001332 2021 08 28
t001333 2021 08 27
t001334 2021 08 27
t001335 2021 08 27
t001336 2021 08 27
t001337 2021 08 27
t001338 2021 08 26
t001339 2021 08 26
t001340 2021 08 26
t001341 2021 08 26
t001342 2021 08 26
t001343 2021 08 26
t001344 2021 08 25
t001345 2021 08 25
t001346 2021 08 25
t001347 2021 08 25
t001348 2021 08 25
t001349 2021 08 25
t001350 2021 08 25
t001351 2021 08 24
t001352 2021 08 24
t001353 2021 08 24
t001354 2021 08 24
t001355 2021 08 24
t001356 2021 08 24
t001357 2021 08 24
t001358 2021 08 24
t001359 2021 08 24
t001360 2021 08 23
t001361 2021 08 23
t001362 2021 08 23
t001363 2021 08 23
t001364 2021 08 23
t001365 2021 08 23
t001366 2021 08 23
t001367 2021 08 23
t001368 2021 08 23
t001369 2021 08 23
t001370 2021 08 23
t001371 2021 08 23
t001372 2021 08 23
t001373 2021 08 23
t001374 2021 08 23
t001375 2021 08 23
t001376 2021 08 23
t001377 2021 08 23
t001378 2021 08 22
t001379 2021 08 22
t001380 2021 08 22
t001381 2021 08 22
t001382 2021 08 22
t001383 2021 08 22
t001384 2021 08 22
t001385 2021 08 22
t001386 2021 08 22
t001387 2021 08 22
t001388 2021 08 22
t001389 2021 08 22
t001390 2021 08 22
t001391 2021 08 22
t001392 2021 08 22
t001393 2021 08 22
t001394 2021 08 22
t001395 2021 08 22
t001396 2021 08 22
t001397 2021 08 22
t001398 2021 08 22
t001399 2021 08 22
t001400 2021 08 22
t001401 2021 08 22
t001402 2021 08 22
t001403 2021 08 22
t001404 2021 08 22
t001405 2021 08 22
t001406 2021 08 22
t001407 2021 08 22
t001408 2021 08 21
t001409 2021 08 21
t001410 2021 08 21
t001411 2021 08 21
t001412 2021 08 21
t001413 2021 08 21
t001414 2021 08 21
t001415 2021 08 21
t001416 2021 08 21
t001417 2021 08 21
t001418 2021 08 21
t001419 2021 08 21
t001420 2021 08 21
t001421 2021 08 21
t001422 2021 08 21
t001423 2021 08 21
t001424 2021 08 21
t001425 2021 08 21
t001426 2021 08 21
t001427 2021 08 21
t001428 2021 08 21
t001429 2021 08 21
t001430 2021 08 21
t001431 2021 08 21
t001432 2021 08 21
t001433 2021 08 21
t001434 2021 08 21
t001435 2021 08 21
t001436 2021 08 21
t001437 2021 08 21
t001438 2021 08 21
t001439 2021 08 21
t001440 2021 08 21
t001441 2021 08 21
t001442 2021 08 21
t001443 2021 08 21
t001444 2021 08 21
t001445 2021 08 21
t001446 2021 08 21
t001447 2021 08 21
t001448 2021 08 21
t001449 2021 08 21
t001450 2021 08 21
t001451 2021 08 21
t001452 2021 08 21
t001453 2021 08 21
t001454 2021 08 21
t001455 2021 08 21
t001456 2021 08 21
t001457 2021 08 21
t001458 2021 08 21
t001459 2021 08 21
t001460 2021 08 21
t001461 2021 08 21
t001462 2021 08 21
t001463 2021 08 21
t001464 2021 08 21
t001465 2021 08 21
t001466 2021 08 21
t001467 2021 08 21
t001468 2021 08 21
t001469 2021 08 20
t001470 2021 08 20
t001471 2021 08 20
t001472 2021 08 20
t001473 2021 08 20
t001474 2021 08 20
t001475 2021 08 20
t001476 2021 08 20
t001477 2021 08 20
t001478 2021 08 20
t001479 2021 08 20
t001480 2021 08 20
t001481 2021 08 20
t001482 2021 08 20
t001483 2021 08 20
t001484 2021 08 20
t001485 2021 08 20
t001486 2021 08 20
t001487 2021 08 20
t001488 2021 08 20
t001489 2021 08 20
t001490 2021 08 20
t001491 2021 08 20
t001492 2021 08 20
t001493 2021 08 20
t001494 2021 08 20
t001495 2021 08 20
t001496 2021 08 20
t001497 2021 08 20
t001498 2021 08 20
t001499 2021 08 20
t001500 2021 08 20
t001501 2021 08 20
t001502 2021 08 20
t001503 2021 08 20
t001504 2021 08 20
t001505 2021 08 20
t001506 2021 08 20
t001507 2021 08 19
t001508 2021 08 19
t001509 2021 08 19
t001510 2021 08 19
t001511 2021 08 19
t001512 2022 10 19
t001513 2022 08 31
t001514 2022 08 23
t001515 2022 06 26
t001516 2022 04 22
t001517 2022 04 16
t001518 2022 02 11
t001519 2021 11 18
t001520 2021 09 09
t001521 2021 09 07
t001522 2021 07 30
t001523 2021 03 26
t001524 2021 02 18
t001525 2021 02 17
t001526 2021 02 17
t001527 2021 02 13
t001528 2020 12 17
t001529 2020 09 12
t001530 2020 07 31
t001531 2020 07 27
t001532 2020 07 25
t001533 2020 06 26
t001534 2020 05 30
t001535 2020 05 27
t001536 2020 05 27
t001537 2020 05 21
t001538 2020 04 22
t001539 2019 11 05
t001540 2019 11 01
t001541 2019 04 17
t001542 2019 04 17
t001543 2019 04 17
t001544 2019 04 16
t001545 2018 12 05
t001546 2018 12 05
t001547 2018 12 05
t001548 2018 12 05
t001549 2018 12 05
t001550 2018 12 04
t001551 2018 12 04
t001552 2018 12 04
t001553 2018 12 04
t001554 2022 11 22
t001555 2022 11 20
t001556 2022 11 18
t001557 2022 11 18
t001558 2022 11 15
t001559 2022 11 15
t001560 2022 11 15
t001561 2022 11 15
t001562 2022 11 15
t001563 2022 10 21
t001564 2022 08 24
t001565 2021 06 01
t001566 2021 05 04
t001567 2020 11 17
t001568 2020 06 15
t001569 2019 11 26
t001570 2019 11 21
t001571 2019 11 19
t001572 2019 11 11
t001573 2019 11 10
t001574 2019 11 09
t001575 2018 12 04
t001576 2022 11 24
t001577 2022 11 22
t001578 2022 11 18
t001579 2022 11 18
t001580 2022 11 17
t001581 2022 11 17
t001582 2022 11 17
t001583 2022 11 17
t001584 2022 11 16
t001585 2022 11 16
t001586 2022 11 16
t001587 2022 11 16
t001588 2022 11 16
t001589 2022 11 16
t001590 2022 11 16
t001591 2022 11 16
t001592 2022 11 15
t001593 2022 11 15
t001594 2022 11 15
t001595 2022 11 15
t001596 2022 11 15
t001597 2022 11 15
t001598 2022 11 15
t001599 2022 11 15
t001600 2022 11 15
t001601 2022 11 14
t001602 2022 11 14
t001603 2022 11 14
t001604 2022 11 14
t001605 2022 11 14
t001606 2022 11 14
t001607 2022 11 14
t001608 2022 11 14
t001609 2022 11 13
t001610 2022 11 12
t001611 2022 11 11
t001612 2022 11 10
t001613 2022 11 09
t001614 2022 11 09
t001615 2022 11 09
t001616 2022 11 09
t001617 2022 11 09
t001618 2022 11 09
t001619 2022 11 08
t001620 2022 11 07
t001621 2022 11 06
t001622 2022 11 06
t001623 2022 11 04
t001624 2022 11 04
t001625 2022 11 02
t001626 2022 11 01
t001627 2022 10 24
t001628 2022 10 24
t001629 2022 10 24
t001630 2022 10 24
t001631 2022 10 23
t001632 2022 10 23
t001633 2022 10 23
t001634 2022 10 21
t001635 2022 10 21
t001636 2022 10 21
t001637 2022 10 21
t001638 2022 10 20
t001639 2022 10 20
t001640 2022 10 20
t001641 2022 10 19
t001642 2022 10 19
t001643 2022 10 19
t001644 2022 10 19
t001645 2022 10 19
t001646 2022 10 19
t001647 2022 10 19
t001648 2022 10 19
t001649 2022 10 19
t001650 2022 10 12
t001651 2022 09 26
t001652 2022 09 24
t001653 2022 09 21
t001654 2022 09 21
t001655 2022 09 16
t001656 2022 09 15
t001657 2022 09 07
t001658 2022 09 07
t001659 2022 08 31
t001660 2022 08 30
t001661 2022 08 25
t001662 2022 08 25
t001663 2022 08 24
t001664 2022 08 23
t001665 2022 08 23
t001666 2022 08 21
t001667 2022 08 20
t001668 2022 08 20
t001669 2022 08 13
t001670 2022 07 29
t001671 2022 07 25
t001672 2022 07 23
t001673 2022 07 21
t001674 2022 07 20
t001675 2022 07 07
t001676 2022 06 25
t001677 2022 06 08
t001678 2022 06 06
t001679 2022 05 18
t001680 2022 05 14
t001681 2022 05 05
t001682 2022 05 05
t001683 2022 05 04
t001684 2022 05 02
t001685 2022 05 01
t001686 2022 04 29
t001687 2022 04 28
t001688 2022 04 26
t001689 2022 04 26
t001690 2022 04 26
t001691 2022 04 26
t001692 2022 04 24
t001693 2022 04 23
t001694 2022 04 22
t001695 2022 04 22
t001696 2022 04 22
t001697 2022 04 22
t001698 2022 04 21
t001699 2022 04 21
t001700 2022 04 21
t001701 2022 04 21
t001702 2022 04 21
t001703 2022 04 21
t001704 2022 04 14
t001705 2022 04 13
t001706 2022 04 13
t001707 2022 04 08
t001708 2022 04 01
t001709 2022 03 31
t001710 2022 03 31
t001711 2022 03 31
t001712 2022 03 20
t001713 2022 03 20
t001714 2022 03 19
t001715 2022 03 19
t001716 2022 03 19
t001717 2022 03 19
t001718 2022 03 19
t001719 2022 03 18
t001720 2022 03 18
t001721 2022 03 18
t001722 2022 03 18
t001723 2022 03 18
t001724 2022 03 18
t001725 2022 03 18
t001726 2022 03 16
t001727 2022 03 05
t001728 2022 03 03
t001729 2022 02 26
t001730 2022 02 23
t001731 2022 02 03
t001732 2022 02 02
t001733 2022 02 02
t001734 2022 01 19
t001735 2022 01 14
t001736 2022 01 03
t001737 2021 12 24
t001738 2021 12 22
t001739 2021 12 18
t001740 2021 12 17
t001741 2021 12 15
t001742 2021 12 15
t001743 2021 12 10
t001744 2021 11 25
t001745 2021 11 24
t001746 2021 11 23
t001747 2021 11 19
t001748 2021 11 09
t001749 2021 10 26
t001750 2021 10 26
t001751 2021 10 26
t001752 2021 10 25
t001753 2021 10 23
t001754 2021 10 22
t001755 2021 10 21
t001756 2021 10 09
t001757 2021 10 08
t001758 2021 10 08
t001759 2021 10 04
t001760 2021 10 01
t001761 2021 09 28
t001762 2021 09 25
t001763 2021 09 23
t001764 2021 09 21
t001765 2021 09 20
t001766 2021 09 16
t001767 2021 09 15
t001768 2021 09 15
t001769 2021 09 10
t001770 2021 09 09
t001771 2021 09 09
t001772 2021 09 09
t001773 2021 09 09
t001774 2021 09 09
t001775 2021 09 09
t001776 2021 09 08
t001777 2021 09 08
t001778 2021 09 07
t001779 2021 09 07
t001780 2021 09 07
t001781 2021 09 06
t001782 2021 09 06
t001783 2021 09 05
t001784 2021 09 04
t001785 2021 09 04
t001786 2021 09 04
t001787 2021 09 03
t001788 2021 09 02
t001789 2021 08 31
t001790 2021 08 31
t001791 2021 08 31
t001792 2021 08 31
t001793 2021 08 31
t001794 2021 08 26
t001795 2021 08 25
t001796 2021 08 24
t001797 2021 08 24
t001798 2021 08 23
t001799 2021 08 22
t001800 2021 08 22
t001801 2021 08 21
t001802 2021 08 21
t001803 2021 08 21
t001804 2021 08 20
t001805 2021 08 20
t001806 2021 08 18
t001807 2021 08 16
t001808 2021 08 15
t001809 2021 08 14
t001810 2021 08 14
t001811 2021 08 14
t001812 2021 08 14
t001813 2021 08 14
t001814 2021 08 13
t001815 2021 08 13
t001816 2021 08 13
t001817 2021 08 10
t001818 2021 08 03
t001819 2021 07 26
t001820 2021 07 24
t001821 2021 07 13
t001822 2021 07 12
t001823 2021 07 10
t001824 2021 07 10
t001825 2021 07 10
t001826 2021 07 08
t001827 2021 07 08
t001828 2021 07 02
t001829 2021 06 25
t001830 2021 05 04
t001831 2021 05 03
t001832 2021 05 01
t001833 2021 04 28
t001834 2021 04 25
t001835 2021 04 23
t001836 2021 04 23
t001837 2021 04 17
t001838 2021 04 17
t001839 2021 04 16
t001840 2021 04 13
t001841 2021 04 10
t001842 2021 04 09
t001843 2021 04 09
t001844 2022 11 09
t001845 2022 11 26
t001846 2022 11 25
t001847 2022 11 24
t001848 2022 11 20
t001849 2022 11 07
t001850 2022 11 05
t001851 2022 11 05
t001852 2022 11 05
t001853 2022 11 05
t001854 2022 11 05
t001855 2022 11 05
t001856 2022 11 05
t001857 2022 11 04
t001858 2022 11 03
t001859 2022 11 01
t001860 2022 10 31
t001861 2022 10 30
t001862 2022 10 29
t001863 2022 10 29
t001864 2022 10 28
t001865 2022 10 26
t001866 2022 10 24
t001867 2022 10 23
t001868 2022 10 22
t001869 2022 10 20
t001870 2022 10 20
t001871 2022 11 24
t001872 2022 11 23
t001873 2022 11 23
t001874 2022 11 22
t001875 2022 11 12
t001876 2022 11 09
t001877 2022 11 09
t001878 2022 11 09
t001879 2022 11 08
t001880 2022 11 08
t001881 2022 11 08
t001882 2022 11 08
t001883 2022 11 07
t001884 2022 11 07
t001885 2022 11 06
t001886 2022 11 06
t001887 2022 11 06
t001888 2022 11 06
t001889 2022 11 06
t001890 2022 11 06
t001891 2022 11 05
t001892 2022 11 05
t001893 2022 11 05
t001894 2022 11 05
t001895 2022 11 05
t001896 2022 11 04
t001897 2022 11 04
t001898 2022 11 04
t001899 2022 11 04
t001900 2022 11 01
t001901 2022 11 01
t001902 2022 10 31
t001903 2022 10 30
t001904 2022 10 28
t001905 2022 10 27
t001906 2022 10 26
t001907 2022 10 26
t001908 2022 10 26
t001909 2022 10 26
t001910 2022 10 26
t001911 2022 10 26
t001912 2022 10 26
t001913 2022 10 25
t001914 2022 10 22
t001915 2022 10 21
t001916 2022 10 21
t001917 2022 10 21
t001918 2022 10 21
t001919 2022 10 21
t001920 2022 10 20
t001921 2022 10 20
t001922 2022 10 20
t001923 2022 10 20
t001924 2022 10 20
t001925 2022 10 20
t001926 2022 10 20
t001927 2022 10 20
t001928 2022 10 20
t001929 2022 10 20
t001930 2022 10 20
t001931 2022 10 20
t001932 2022 10 20
t001933 2022 10 20
t001934 2022 10 20
t001935 2022 10 20
t001936 2022 10 20
t001937 2022 10 20
t001938 2022 10 20
t001939 2022 10 20
t001940 2022 10 20
t001941 2022 10 20
t001942 2022 10 20
t001943 2022 10 20
t001944 2022 10 20
t001945 2022 10 20
t001946 2022 10 19
t001947 2022 10 19
t001948 2022 10 19
t001949 2022 10 19
t001950 2022 10 19
t001951 2022 10 19
t001952 2022 10 19
t001953 2022 10 19
t001954 2022 10 19
t001955 2022 10 19
t001956 2022 10 19
t001957 2022 10 19
t001958 2022 10 19
t001959 2022 10 19
t001960 2022 10 19
t001961 2022 10 19
t001962 2022 10 18
t001963 2022 10 18
t001964 2022 10 16
t001965 2022 10 16
t001966 2022 10 16
t001967 2022 10 14
t001968 2022 06 09
t001969 2022 06 01
t001970 2022 03 27
t001971 2021 10 29
t001972 2021 10 29
t001973 2021 08 20
t001974 2021 08 20
t001975 2021 08 20
t001976 2021 08 20
t001977 2021 08 20
t001978 2021 08 20
t001979 2021 08 18
t001980 2021 08 18
t001981 2021 08 17
t001982 2021 08 17
t001983 2021 08 17
t001984 2021 08 17
t001985 2021 08 17
t001986 2021 08 17
t001987 2021 08 17
t001988 2020 11 17
t001989 2022 11 25
t001990 2022 11 24
t001991 2022 11 24
t001992 2022 11 24
t001993 2022 11 18
t001994 2022 11 17
t001995 2022 11 14
t001996 2022 11 09
t001997 2022 11 09
t001998 2022 11 07
t001999 2022 11 05
t002000 2022 11 05
t002001 2022 11 04
t002002 2022 11 04
t002003 2022 11 04
t002004 2022 10 29
t002005 2022 10 23
t002006 2022 10 20
t002007 2022 10 06
t002008 2022 08 25
t002009 2022 08 23
t002010 2022 08 16
t002011 2022 08 16
t002012 2022 06 09
t002013 2022 05 20
t002014 2022 05 01
t002015 2022 04 21
t002016 2022 04 12
t002017 2022 03 19
t002018 2022 03 18
t002019 2022 02 26
t002020 2021 10 28
t002021 2021 09 23
t002022 2021 09 06
t002023 2021 08 21
t002024 2021 08 15
t002025 2021 02 19
t002026 2015 03 24
t002027 2011 11 28
t002028 2022 11 15
t002029 2022 11 09
t002030 2022 11 05
t002031 2022 09 04
t002032 2022 05 17
t002033 2022 05 08
t002034 2022 04 20
t002035 2022 01 02
t002036 2021 09 09
t002037 2021 09 03
t002038 2021 09 01
t002039 2021 08 31
t002040 2021 08 13
t002041 2021 08 13
t002042 2021 08 13
t002043 2021 08 13
t002044 2021 08 13
t002045 2021 08 13
t002046 2021 06 24
t002047 2021 02 18
t002048 2021 02 18
t002049 2021 02 17
t002050 2020 07 27
t002051 2020 07 24
t002052 2020 07 19
t002053 2020 06 27
t002054 2020 06 26
t002055 2020 06 26
t002056 2020 06 26
t002057 2020 06 15
t002058 2020 05 27
t002059 2020 05 03
t002060 2022 11 25
t002061 2022 11 24
t002062 2022 11 21
t002063 2022 11 05
t002064 2022 11 04
t002065 2022 11 04
t002066 2022 11 04
t002067 2022 11 02
t002068 2022 11 02
t002069 2022 11 01
t002070 2022 10 23
t002071 2022 10 19
t002072 2022 04 02
t002073 2021 09 17
t002074 2021 09 09
t002075 2021 07 14
t002076 2021 07 14
t002077 2021 07 14
t002078 2021 07 14
t002079 2021 07 14
t002080 2021 07 14
t002081 2021 07 13
t002082 2021 07 13
